7-by-10 image

The table gives the dual-gradient energies of each pixel.
The asterisks denote a minimum energy vertical or horizontal seam.

Vertical seam: { 4 3 4 3 4 3 3 2 3 4 }
1218.96   683.84   434.08   450.98   182.47*  811.27   722.58
 902.29   183.54   295.55   193.89*  205.60   294.62   325.98
 574.70   255.25   274.19   302.82   170.77*  306.23   984.84
 581.55   253.63   258.40   174.81*  389.01   231.09   493.16
 603.11   319.87   253.40   353.10   253.29*  369.46   327.73
 549.01   244.46   339.17   113.74*  245.15   285.13   810.75
 712.59   281.78   293.41   260.67*  200.70   227.75   462.26
1064.33   161.37    72.79*  263.82   290.37   282.19   727.45
 484.29   258.97   203.24   293.78*  169.46   230.88   518.93
1163.38   607.55  1008.02   621.94   454.67*  730.38   966.20
Total energy = 2170.880515


Horizontal seam: { 8 7 7 6 6 5 4 }
1218.96   683.84   434.08   450.98   182.47   811.27   722.58
 902.29   183.54   295.55   193.89   205.60   294.62   325.98
 574.70   255.25   274.19   302.82   170.77   306.23   984.84
 581.55   253.63   258.40   174.81   389.01   231.09   493.16
 603.11   319.87   253.40   353.10   253.29   369.46   327.73*
 549.01   244.46   339.17   113.74   245.15   285.13*  810.75
 712.59   281.78   293.41   260.67*  200.70*  227.75   462.26
1064.33   161.37*   72.79*  263.82   290.37   282.19   727.45
 484.29*  258.97   203.24   293.78   169.46   230.88   518.93
1163.38   607.55  1008.02   621.94   454.67   730.38   966.20
Total energy = 1792.689771
