9-by-12 image

The table gives the dual-gradient energies of each pixel.
The asterisks denote a minimum energy vertical or horizontal seam.

Vertical seam: { 7 6 5 5 6 7 7 6 5 4 3 3 }
   0.00   438.81  1387.62   438.81   438.81  1387.62   438.81   438.81* 1316.42
 438.81   620.56   620.56     0.00   620.56   620.56     0.00*  620.56  1387.62
1387.62   620.56     0.00   620.56   620.56     0.00*  620.56   620.56   438.81
 438.81     0.00   620.56   620.56     0.00   620.56*  620.56     0.00   438.81
 438.81   620.56   620.56     0.00   620.56   620.56     0.00*  620.56  1387.62
1387.62   620.56     0.00   620.56   620.56     0.00   620.56   620.56*  438.81
 438.81     0.00   620.56   620.56     0.00   620.56   620.56     0.00*  438.81
 438.81   620.56   620.56     0.00   620.56   620.56     0.00*  620.56  1387.62
1387.62   620.56     0.00   620.56   620.56     0.00*  620.56   620.56   438.81
 438.81     0.00   620.56   620.56     0.00*  620.56   620.56     0.00   438.81
 438.81   620.56   620.56     0.00*  620.56   620.56     0.00   620.56  1387.62
1316.42  1387.62   438.81   438.81* 1387.62   438.81   438.81  1387.62   620.56
Total energy = 2118.738911


Horizontal seam: { 10 9 8 7 6 5 4 3 3 }
   0.00   438.81  1387.62   438.81   438.81  1387.62   438.81   438.81  1316.42
 438.81   620.56   620.56     0.00   620.56   620.56     0.00   620.56  1387.62
1387.62   620.56     0.00   620.56   620.56     0.00   620.56   620.56   438.81
 438.81     0.00   620.56   620.56     0.00   620.56   620.56     0.00*  438.81*
 438.81   620.56   620.56     0.00   620.56   620.56     0.00*  620.56  1387.62
1387.62   620.56     0.00   620.56   620.56     0.00*  620.56   620.56   438.81
 438.81     0.00   620.56   620.56     0.00*  620.56   620.56     0.00   438.81
 438.81   620.56   620.56     0.00*  620.56   620.56     0.00   620.56  1387.62
1387.62   620.56     0.00*  620.56   620.56     0.00   620.56   620.56   438.81
 438.81     0.00*  620.56   620.56     0.00   620.56   620.56     0.00   438.81
 438.81*  620.56   620.56     0.00   620.56   620.56     0.00   620.56  1387.62
1316.42  1387.62   438.81   438.81  1387.62   438.81   438.81  1387.62   620.56
