9-by-12 image

The table gives the dual-gradient energies of each pixel.
The asterisks denote a minimum energy vertical or horizontal seam.

Vertical seam: { 2 3 4 5 6 7 8 8 8 8 8 8 }
 441.67   441.67   441.67*  441.67   441.67   441.67   441.67   441.67   441.67
 441.67   441.67   441.67   441.67*  441.67   441.67   441.67   441.67   441.67
 441.67   441.67   441.67   441.67   441.67*  441.67   441.67   441.67   441.67
 441.67   441.67   441.67   441.67   441.67   441.67*  441.67   441.67   441.67
 441.67   441.67   441.67   441.67   441.67   441.67   441.67*  441.67   441.67
 441.67   441.67   441.67   441.67   441.67   441.67   441.67   441.67*  441.67
 441.67   441.67   441.67   441.67   441.67   441.67   441.67   441.67   441.67*
 441.67   441.67   441.67   441.67   441.67   441.67   441.67   441.67   441.67*
 441.67   441.67   441.67   441.67   441.67   441.67   441.67   441.67   441.67*
 441.67   441.67   441.67   441.67   441.67   441.67   441.67   441.67   441.67*
 441.67   441.67   441.67   441.67   441.67   441.67   441.67   441.67   441.67*
 441.67   441.67   441.67   441.67   441.67   441.67   441.67   441.67   441.67*
Total energy = 5300.075471


Horizontal seam: { 2 3 4 5 6 7 8 9 10 }
 441.67   441.67   441.67   441.67   441.67   441.67   441.67   441.67   441.67
 441.67   441.67   441.67   441.67   441.67   441.67   441.67   441.67   441.67
 441.67*  441.67   441.67   441.67   441.67   441.67   441.67   441.67   441.67
 441.67   441.67*  441.67   441.67   441.67   441.67   441.67   441.67   441.67
 441.67   441.67   441.67*  441.67   441.67   441.67   441.67   441.67   441.67
 441.67   441.67   441.67   441.67*  441.67   441.67   441.67   441.67   441.67
 441.67   441.67   441.67   441.67   441.67*  441.67   441.67   441.67   441.67
 441.67   441.67   441.67   441.67   441.67   441.67*  441.67   441.67   441.67
 441.67   441.67   441.67   441.67   441.67   441.67   441.67*  441.67   441.67
 441.67   441.67   441.67   441.67   441.67   441.67   441.67   441.67*  441.67
 441.67   441.67   441.67   441.67   441.67   441.67   441.67   441.67   441.67*
 441.67   441.67   441.67   441.67   441.67   441.67   441.67   441.67   441.67
Total energy = 3975.056603
